TACC|46,722|41,354|0.08|0.07|05 Nov 2020 19:02
SMT|43,115|47,557|0.052|0.057|05 Nov 2020 18:16
ADVANC|6,512,671|8,800,454|2.19|2.96|05 Nov 2020 18:02
NTV|66,353|133,835|0.41|0.84|05 Nov 2020 18:09
IFS|16,958|43,044|0.03|0.09|05 Nov 2020 17:42
TOP|715,289|(682,613)|0.35|(0.33)|05 Nov 2020 17:49
ILM|145,575|165,619|0.29|0.34|05 Nov 2020 18:08
SAT|80,859|226,605|0.19|0.53|05 Nov 2020 17:23
SINGER|117,304|31,751|0.29|0.08|05 Nov 2020 17:28
GPSC|2,574,387|892,911|0.91|0.60|05 Nov 2020 17:38
ASEFA|35,151.15|27,712.27|0.06|0.05|05 Nov 2020 17:15
TPLAS|8,330|8,880|0.031|0.033|05 Nov 2020 17:03
LPN|102,534|115,660|0.07|0.08|05 Nov 2020 12:54
INSET|52,040|50,293|0.09|0.12|05 Nov 2020 08:38
FTREIT|1,194,285|1,847,416|0.4231|0.7099|05 Nov 2020 08:23
BH|221,525|1,055,488|0.28|1.45|05 Nov 2020 06:33
TOG|20,824|24,752|0.04|0.05|04 Nov 2020 18:55
ZIGA|40,900|2,379|0.08|0.00|04 Nov 2020 17:58
SF|268,660|314,262|0.13|0.15|05 Nov 2020 17:16
GCAP|(3,494)|9,986|(0.012)|0.033|04 Nov 2020 17:39
PROSPECT|30,583|0|0.1248|0.00|05 Nov 2020 17:19
PM|118,079|48,445|0.20|0.08|04 Nov 2020 17:09
THCOM|76,555|(113,171)|0.07|(0.10)|04 Nov 2020 17:03
ROCK|(14,707)|(1,198)|(0.74)|(0.06)|04 Nov 2020 17:07
PT|44,073|20,989|0.16|0.07|04 Nov 2020 17:15
RCI|15,144|38,593|0.025|0.063|04 Nov 2020 13:26
DCC|413,021|221,099|0.05|0.031|04 Nov 2020 13:18
CSC|79,324|123,772|1.53|2.38|05 Nov 2020 17:04
TU|2,056,157|1,373,649|0.42|0.29|04 Nov 2020 12:32
THREL|37,726|69,184|0.06|0.12|04 Nov 2020 08:31
NMG|(81,332)|(108,492)|(0.02)|(0.027)|03 Nov 2020 21:29
SCCC|898,416|935,642|3.01|3.14|03 Nov 2020 18:32
KGI|473,705|232,611|0.24|0.12|03 Nov 2020 17:47
DAD SPV|92,959|87,323|92.96|87.32|03 Nov 2020 12:35
ESET50|(697.77)|237.80|(0.2181)|0.0743|03 Nov 2020 07:32
MBKET|68,725|109,882|0.12|0.19|02 Nov 2020 18:03
III|56,971.10|42,771.31|0.0964|0.0704|03 Nov 2020 19:51
GC|34,943|30,768|0.17|0.15|02 Nov 2020 17:44
WGE|114,595|37,680|57.16|33.14|02 Nov 2020 08:33
BCPG|673,088|401,190|0.34|0.20|02 Nov 2020 12:33
LEO|45,878|26,504|0.2581|0.1767|04 Nov 2020 08:30
